85.79365397176126 8.183273326848006
69.58947709985975 47.76184529940687
44.70819851269102 57.995188953478824
29.92611658085339 16.22044475906117
56.19225188217495 4.09557022823106
33.33569770557817 22.314769135281544
29.773130441818907 35.14639492587548
88.47452051887798 77.47614195758364
28.913394854061437 94.99650292135303
43.184725310776386 75.56177389208379
57.67284791250202 55.68652297945167
11.40980376787052 41.427015131511624
74.4603483228851 84.73493240467114
59.244873245055274 73.65812750560795
43.66943675750355 72.89476002862733
45.33962022194123 37.157168521904616
43.12083213094973 87.10571832757424
7.063198955742179 11.368134627601723
55.48861280186179 40.02662409994308
33.15681969546493 28.156216798536715
85.26588573539095 22.318154997834185
66.04111515827647 39.69966502447173
59.329661090746775 26.75615867681227
32.51182204258254 41.22640940656886
88.79349767794363 4.290840681898322
10.248699701437026 36.02525335367437
92.59043911124121 31.327374807443654
99.37900672033092 70.8841104466859
9.107652890624852 34.788582037194935
83.27830379797531 88.95538752378616
51.19809404316102 16.930524374919187
30.857699005778038 44.021311830660046
92.02339366947393 45.41696718059063
13.778100366997915 95.22963003886701
4.436134015746673 25.818877707907838
86.34842832738435 54.592762459399644
14.988530754154484 53.49022785862309
3.30617437383669 90.89117835723984
75.15844603586935 49.68157924524561
31.245030235212578 3.0943725389934174
