69.4038406844401 8.172744955166655
39.29956712709915 5.437425515970196
90.58046218351944 42.07700376476324
23.770599995135743 69.64526032865325
47.28607679472447 1.378809364338962
88.31887529664671 54.19853193778346
61.61083312582774 2.252230931185739
4.967298029315714 76.04737436581527
71.74158098611181 23.20561650092997
54.69232527913736 62.35573370126587
83.14246060404732 20.141530092735525
30.87968403106872 78.79109779095025
29.425701912902447 65.77132448093465
47.918617170816155 51.896961732528545
63.71644601031669 55.599321671305105
57.818506509318446 71.17119103630846
66.25681651493926 91.53925851295968
56.73573462504788 1.8836288830874848
72.0609004118794 1.1982078620586978
45.42747611377136 13.201401954510118
93.62369841522569 75.96098182055734
92.90308426667384 27.850586687659117
38.00348729130943 14.230559142712252
40.922560262290034 29.328024202346057
95.03845164466173 37.527806929393456
78.49560585257245 20.587205484665205
4.024884409279483 6.626378761342478
10.163548526016452 14.157390011723326
89.87561046204867 2.4963879945723577
39.600450686944946 47.81516092590277
